model_type: PINHOLE
image_width: 640
image_height: 480
distortion_parameters:
   k1: 1.4865749308203452e-01
   k2: -4.6815685578576460e-01
   p1: 1.6205585303208318e-03
   p2: -8.9101576735577930e-03
projection_parameters:
   fx: 6.2097277909374247e+02
   fy: 6.2212293397677581e+02
   cx: 3.1175896455154810e+02
   cy: 2.4718077836114819e+02



body_T_cam0: !!opencv-matrix
   rows: 4
   cols: 4
   dt: d
   data: [ 0.99957087 , 0.00215313 , 0.02921355 , 0.03668114,
           -0.00192891  ,0.99996848, -0.00770122 ,-0.00477653,
             -0.02922921 , 0.00764156  ,0.99954353 , 0.0316039,
            0.     ,     0.     ,     0.  ,        1.     ]


body_T_wheel: !!opencv-matrix
  rows: 4
  cols: 4
  dt: d
  data: [-0.0424561 , -0.998603 ,-0.0314461,0.0283756,
         0.0729004 , 0.0282942,  -0.996938,0.159482,
         0.996435 ,-0.0446186 , 0.0715973,-0.136109 ,
           0, 0, 0, 1]